#	R2_free	err_R2_free		R2_bound	err_R2_bound
2	13.8474021113255	0.439959759576354	    	21.9153597334326	1.16085548070511
3	11.6342460903637	1.16342460903637	    	26.7380533978194	0.289956810210254
4	8.89580676417146	0.889580676417146	    	25.4749357283736	1.13440593835109
5	12.3961540732103	1.23961540732103	    	25.8129649824164	0.299504761566038
6	8.3091538449341	0.83091538449341	    	22.8767225281149	1.42513490699759
7	9.18393581898509	0.91839358189851	    	24.4433781987669	0.476995097738912
8	13.8052876779815	1.01162741078523	    	26.1066845075026	0.288337472699536
9	13.4811796853638	0.381294334621756	    	23.3793891892135	0.265275544593914
10	7.19027656649914	0.719027656649914	    	17.3406194650406	0.206761593472148
11	11.2175722886671	1.12175722886671	    	20.6640338091971	0.225534543107897
12	7.68862681690888	0.768862681690888	    	21.9477945858999	0.241262507468762
13	13.4880505830386	1.34880505830386	    	24.9153553704789	1.30330315180312
14	12.3699080019326	0.579670914565791	    	24.0710967879534	0.251489075258698
15	13.9191966323243	0.532831681959584	    	25.2324598093682	0.206903106045671
16	13.3314710420788	0.220013543634843	    	22.2475618084788	1.00680868760905
17	15.0289625109277	0.178085236015522	    	25.662890228926	0.484591070801313
18	8.96714718854504	0.896714718854504	    	25.4782264342861	0.702296173364419
20	13.7593665323892	0.58491606635372	    	15.3654804858048	1.53654804858048
21	13.8224507205715	0.253143118994872	    	22.1092510808218	1.45824927517048
22	7.63467656028689	0.763467656028689	    	21.099792888407	2.1099792888407
23	17.2497092053585	0.416311311624571	    	28.4065112800272	1.38393139711863
25	15.1944102657974	0.282876297968964	    	25.5310784336455	0.529708587913397
26	13.3314710420788	0.220013543634843	    	22.2287266343443	1.02777226424848
27	8.99894335271763	0.899894335271763	    	24.8728659514252	0.869951171319538
28	12.5456008127701	1.25456008127701	    	22.1801028525637	1.22569135082423
29	7.99173151359882	0.799173151359882	    	24.8841231161713	0.659533270287315
30	14.679979520059	0.798913810612752	    	26.2047622211179	0.614151495577908
31	12.5829199295876	1.25829199295876	    	25.6028512888185	1.34713159941971
32	8.8009306261264	0.88009306261264	    	24.3178762753447	0.29069856793171
33	12.5892433261953	0.57072427458299	    	21.0294485727113	1.25252307841273
34	8.55605160453802	0.855605160453802	    	23.8135804779429	0.914848933823108
35	9.06820561945205	0.906820561945205	    	25.5379423034685	0.609664755862006
36	8.28315603473654	0.828315603473654	    	21.7473113627891	2.17473113627891
39	12.8827730778866	0.126441711543575	    	21.3585467503534	0.576491207342564
40	11.8451532764684	1.18451532764684	    	25.2390111563624	0.392572519639018
41	8.91741198438684	0.891741198438684	    	25.8301344859033	0.528860066539585
42	12.4217068856326	0.382415777066243	    	26.1677233291936	0.331372993343007
43	14.3625892811645	0.671433882052998	    	26.4263464647971	0.431996714085313
44	9.03245632982701	0.903245632982701	    	28.8087787207737	0.662633750483251
45	13.6884643004417	0.954293267229063	    	26.4476665712684	0.429032031133512
46	7.06152698235845	0.706152698235845	    	25.1450135541008	2.24148989606853
47	12.9274255294266	1.06303893214602	    	14.3533296691357	1.43533296691357
48	12.9026478669274	0.134683450861145	    	25.2978291388909	0.570453598220779
49	11.3013008946774	1.13013008946774	    	25.1501044519168	0.675804063851025
50	15.9112288929558	0.183011897198363	    	27.9780941591181	0.626973755022184
51	5.99012161456894	0.599012161456895	    	26.1677233291936	0.331372993343007
52	13.8906181416384	0.107249058690585	    	22.1662014106581	0.744949585955643
54	7.05094153666664	0.705094153666664	    	21.4784595303067	2.14784595303067
55	14.4421606226713	0.348975010496209	    	24.4611791557133	0.744833343360714
56	11.7244538674337	1.17244538674337	    	26.0473043966665	2.60473043966665
57	12.3629679875599	1.23629679875599	    	19.5240773845503	0.829304572645684
58	13.4755373054419	0.603016709090586	    	20.6757181001701	2.06757181001701
59	8.73206997191203	0.873206997191203	    	12.7522476125532	1.27522476125532
60	14.0029071247389	0.115189194173631	    	23.5519507231945	0.748955387264359
61	7.49537353984088	0.749537353984088	    	12.1873593051003	1.21873593051003
62	13.146851756141	0.10947507458874	    	22.70361396935	0.209844512731539
63	7.5070039305747	0.75070039305747	    	10.2868690655349	1.02868690655349
64	14.2687463144383	1.42687463144383	    	28.1565332850339	0.430785332193865
65	12.3884066484338	1.23884066484338	    	22.8835066470582	1.17658187100633
66	13.5618748714448	0.720787471016871	    	24.7022284914572	0.379649967466733
67	8.4714575093097	0.84714575093097	    	24.9539257521695	0.497385565314699
68	13.7992178026933	0.582012861110481	    	21.4922858325892	0.65072494053366
69	14.3773671919829	0.249991661564407	    	24.8070044171694	0.401992862033409
70	14.2772391789417	0.778738706952224	    	19.7085641949293	1.97085641949293
71	12.93	0.394256	    	22.9730766742911	0.403212927034069
72	13.0268397081458	0.125140224613233	    	23.5248298907333	0.495637844755646
73	9.99731714987429	0.240322633365129	    	17.5708702399651	0.209719173477688
74	7.9424063784364	0.0317438523093512	    	14.0070526218327	0.131153866302424
75	5.8440811539727	0.58440811539727	    	9.23380929932122	0.0510520592798314
76	3.2168621907402	0.160728644872128	    	4.73059863403987	0.0263874319465936
