#	s2_free	err_s2_free		s2_bound	err_s2_bound
2	0.802761481163055	0.0320293733689576	    	0.76071811116483	0.0439301787064172
3	0.674460418541412	0.0693825043446017	    	0.928121724873358	0.0236015126089462
4	0.51570763647471	0.0530514265101442	    	0.884276837115761	0.0443197961918014
5	0.718629741848607	0.0739262524757181	    	0.896010387410242	0.0230829682157095
6	0.481698198271826	0.049552837224546	    	0.794088591878374	0.052732973890281
7	0.532411051667595	0.0547697256798662	    	0.848469781925917	0.0255931207438392
8	0.800320023580051	0.0617449462255787	    	0.906205874276696	0.0231221705939823
9	0.781530837701077	0.0290580572387894	    	0.811536976829733	0.020813909073181
10	0.416834653900458	0.0428802512203365	    	0.60192136685532	0.0155945464296683
11	0.650305008340807	0.0668976100392938	    	0.717282534240039	0.0182614826113156
12	0.445725010513249	0.0458522348061768	    	0.761843978136898	0.0194216022610394
13	0.7819291573245	0.0804379347754219	    	0.864852884322813	0.0494201698886387
14	0.717108204820637	0.0377995459638265	    	0.83554728304383	0.0211082224769802
15	0.80692355254316	0.0365158902942464	    	0.875860099934513	0.0213876508868536
16	0.772851929465425	0.0225962220573655	    	0.772249390510825	0.0392029469437226
17	0.871258890918528	0.0234250230531574	    	0.890801046363715	0.0265096260862442
18	0.519843382969	0.0534768754189605	    	0.884391062919788	0.0317502053264033
20	0.797657883305942	0.0389923575298007	    	0.533361050627421	0.0547287978828919
21	0.801314999343739	0.0242769136552976	    	0.767448398112031	0.0536078689623502
22	0.442597406680644	0.0455304946705983	    	0.732408447192945	0.0751532828034455
23	1	0.0341311900426651	    	0.986036636795838	0.0531232505955475
25	0.880850226801352	0.0268488374632377	    	0.88622564257593	0.0274517419053757
26	0.772851929465425	0.0225962220573655	    	0.771595590698031	0.0398463105978392
27	0.521686669936569	0.0536664964293562	    	0.863378006839617	0.0361420930200634
28	0.727293467003662	0.0748174996589272	    	0.769907779414814	0.0460840612855565
29	0.463296593493661	0.0476598433758784	    	0.863768761506977	0.0303122830855386
30	0.851027651845792	0.0506645494315869	    	0.909610312714225	0.0298696801745481
31	0.729456930536475	0.0750400575938901	    	0.888716996196596	0.0510338994835401
32	0.510207477781276	0.0524856189787424	    	0.844113404148205	0.0218811321337187
33	0.729823510432548	0.037482430693414	    	0.729966680522528	0.0466065067777393
34	0.496011353158357	0.051025247619284	    	0.826608469201478	0.0370125437315946
35	0.525701941493315	0.0540795519453984	    	0.886463898764765	0.0293868627953851
36	0.480191053433147	0.0493977955342661	    	0.754884876362611	0.07745961534818
39	0.746840014780346	0.0194580013705228	    	0.741390218494475	0.0262913705061407
40	0.686687128197431	0.0706402797640451	    	0.876087507942945	0.024325967777104
41	0.516960134123115	0.0531802723566062	    	0.896606369060602	0.0276099088132313
42	0.720111089279924	0.0281696225439653	    	0.908324631974915	0.0238495878323212
43	0.832627907530345	0.0438054065600469	    	0.917301865550491	0.0258848498021984
44	0.523629483969571	0.0538663559012835	    	1	0.0325284749451675
45	0.793547539699367	0.0585435385189943	    	0.918041921443802	0.0258392786360535
46	0.409370784068919	0.0421124345082243	    	0.872824696868144	0.0803541201076647
47	0.749428606333307	0.0642258777200689	    	0.498227634300431	0.0511237171616179
48	0.747992195886948	0.0196684969871248	    	0.878129176668252	0.0282851820994792
49	0.655158922398923	0.0673969376558111	    	0.873001410288223	0.0308787410381353
50	0.922405630351911	0.0246606216288571	    	0.97116557526763	0.0311868829516697
51	0.347259280910554	0.0357229540891145	    	0.908324631974915	0.0238495878323212
52	0.805266800516462	0.0204049341291827	    	0.769425237546577	0.0313347120135201
54	0.408757124698446	0.0420493066763049	    	0.745552587927608	0.076502018375279
55	0.837240816684896	0.0285933371559707	    	0.849087682362411	0.0324016747517785
56	0.679689943050842	0.0699204714321002	    	0.904144693155077	0.0927753387885455
57	0.716705878364576	0.0737283424681481	    	0.677712775462836	0.0327361284648586
58	0.78120373769871	0.039718209155064	    	0.717688115159876	0.0736428124088429
59	0.506215488502235	0.0520749585368803	    	0.442651447885143	0.0454209800197772
60	0.811776416520056	0.0206985101995676	    	0.817526870939914	0.0320851947483726
61	0.434521733126522	0.0446997410191591	    	0.423043247449853	0.0434089597621902
62	0.762149181741397	0.0194580964995844	    	0.788079709639986	0.0195354743358617
63	0.435195970042366	0.044769100531529	    	0.357074111514388	0.0366397899795937
64	0.827187643836099	0.0850937263544326	    	0.977359490242136	0.0269993746631817
65	0.718180608203265	0.0738800495908007	    	0.79432407978326	0.0447414740740943
66	0.786208898364032	0.0458918854007578	    	0.857454900496863	0.0237200414391689
67	0.491107264966422	0.0505207585330021	    	0.866191725585905	0.0263632922132352
68	0.799968140819826	0.0388737459852316	    	0.746032521576187	0.0283664681476728
69	0.83348461245461	0.0247925847329538	    	0.861091844871621	0.0242278683976334
70	0.827679992107149	0.0493669621222311	    	0.684116615492542	0.0701980017730498
71	0.749577853520187	0.0291488931516049	    	0.797433202460799	0.0230719831109465
72	0.755191844283332	0.0196168374667272	    	0.816585462325405	0.0254709411331548
73	0.579564387483629	0.0197420488193915	    	0.609913749217522	0.0158050035476699
74	0.460437117164222	0.0112637178828012	    	0.486207789562851	0.0120744534287155
75	0.338793024531526	0.0348520207417273	    	0.320520678395256	0.00758232078977942
76	0.186487908430416	0.010347830843067	    	0.164206844028021	0.00388641657663097
